nid	len
575920	6248
569042	3586
571418	3191
567933	2831
567861	2747
576853	2731
577403	2656
576514	2621
568041	2611
576794	2609
576531	2595
571726	2486
571863	2455
568731	2414
574149	2362
576660	2360
572999	2357
574280	2338
569117	2332
571664	2321
571180	2319
576646	2316
578475	2297
577286	2265
576184	2261
574543	2260
577139	2240
568276	2232
570014	2231
576767	2210
569118	2209
569039	2209
574485	2204
573423	2201
568914	2199
571425	2198
578700	2197
573438	2193
573952	2184
572166	2184
577543	2184
572399	2172
577419	2166
567796	2163
573440	2158
569019	2147
570015	2145
578414	2139
569119	2136
569121	2136
577522	2135
571167	2118
577279	2116
568793	2115
576833	2112
571693	2111
568723	2111
571898	2111
579791	2110
572044	2106
568892	2103
569249	2100
577538	2092
571423	2080
573325	2080
573459	2076
570452	2067
574443	2065
572292	2064
574328	2061
570670	2060
568735	2060
569012	2059
576768	2055
579962	2055
570570	2055
576658	2054
578564	2053
570494	2051
576889	2049
577910	2048
571712	2036
579032	2027
577544	2026
568854	2026
573451	2024
571155	2024
575377	2020
572998	2018
575378	2016
576723	2013
571153	2011
569108	2010
573089	2009
571714	2006
567849	2003
577928	2003
577826	2002
577636	2001
572045	2001
574187	2001
569122	1996
574189	1991
577420	1990
578479	1990
577884	1988
568788	1988
576813	1985
567587	1980
576093	1980
568950	1978
571981	1977
568741	1977
580202	1975
578883	1974
567724	1969
577141	1968
574288	1965
576232	1960
577010	1959
576783	1958
577460	1955
577508	1955
569484	1952
571906	1947
568987	1947
572696	1944
570011	1943
578122	1938
578386	1938
568331	1936
578236	1936
577536	1935
569546	1935
577960	1931
572097	1931
573395	1931
574402	1930
574002	1928
570497	1928
579782	1925
576667	1918
571822	1917
575458	1917
568054	1917
577418	1915
574178	1914
568967	1907
573434	1907
577633	1904
576188	1903
571921	1900
575983	1899
572710	1898
577767	1892
576155	1889
573101	1888
572671	1888
570871	1885
573319	1883
570537	1880
577247	1879
574024	1877
569206	1877
574346	1873
571806	1872
576798	1871
576565	1870
569082	1869
576764	1869
580348	1869
572332	1867
578225	1865
576776	1864
574031	1864
577241	1864
571876	1863
572703	1861
571878	1859
569228	1854
573712	1853
568704	1852
579480	1848
568915	1846
579393	1845
571969	1843
574137	1843
571691	1839
573907	1839
569020	1838
577007	1836
570876	1836
571179	1835
573449	1834
572716	1834
568963	1834
574463	1834
576820	1832
568990	1832
573957	1831
579011	1831
573460	1829
567663	1829
574029	1826
567646	1826
569196	1826
577143	1826
574174	1826
573970	1824
577827	1823
570432	1823
576438	1822
571217	1821
571703	1820
572324	1820
569002	1820
579085	1818
576852	1814
573457	1813
576169	1813
572536	1811
568971	1811
572714	1807
571896	1805
576989	1804
573461	1803
572882	1803
569320	1802
578588	1801
568869	1799
571968	1799
568705	1798
570573	1796
574452	1796
573439	1796
573321	1795
572481	1793
575678	1793
577525	1793
576369	1792
576356	1788
571821	1788
571719	1787
571723	1787
576504	1785
578590	1781
579113	1781
574209	1780
571215	1780
574327	1780
578587	1778
573725	1777
570460	1777
571805	1775
574247	1774
568932	1772
576399	1770
576977	1770
580346	1770
569478	1768
576507	1767
577877	1765
570055	1765
569053	1765
573437	1764
570453	1763
568273	1762
576778	1761
570134	1761
577258	1761
578735	1760
568458	1759
568970	1759
567715	1758
578589	1755
577427	1755
571894	1755
573396	1754
568996	1753
578381	1752
576670	1752
576430	1751
570182	1750
577551	1748
576246	1748
569104	1746
573728	1746
572722	1746
569103	1744
572379	1744
576861	1743
577362	1742
578224	1742
576185	1742
572690	1741
577511	1740
571130	1740
572482	1738
568860	1735
569127	1734
576199	1734
574167	1734
577280	1733
576784	1733
572850	1733
573453	1731
578114	1731
579537	1731
576491	1731
572188	1730
574334	1730
573447	1728
569056	1727
569230	1726
574241	1725
567742	1725
568057	1725
569694	1723
574220	1721
573971	1720
571893	1720
567622	1719
576810	1716
569502	1715
568912	1714
570433	1713
570019	1713
568190	1712
574089	1711
574397	1711
571784	1709
573102	1709
574267	1706
577393	1706
573376	1706
577530	1706
571666	1705
572356	1705
573450	1704
572308	1704
568988	1703
571498	1702
578970	1702
574161	1702
573456	1700
571953	1699
568271	1699
567673	1697
576785	1696
570991	1696
577459	1695
573943	1695
571683	1693
574340	1693
570448	1692
574005	1691
572350	1689
577284	1686
574229	1686
571316	1686
579783	1686
575375	1685
574369	1684
571746	1683
573508	1682
576415	1681
571126	1681
576484	1680
573713	1679
574057	1679
571722	1678
571156	1677
573467	1677
571539	1677
577246	1677
579286	1676
574591	1675
578453	1674
577218	1674
576549	1673
573995	1673
574297	1673
577806	1672
571221	1671
576758	1671
568962	1670
567720	1669
576216	1669
579558	1666
577844	1665
568961	1665
577180	1662
574567	1659
575446	1654
577650	1652
577540	1651
569523	1651
570681	1650
572291	1650
569055	1650
569111	1648
571982	1648
578132	1648
573331	1648
567692	1647
580029	1647
574268	1646
569233	1643
577177	1643
578854	1642
568997	1642
568870	1641
567677	1641
574050	1639
572041	1638
574396	1638
570456	1637
567940	1636
576426	1636
573951	1636
570000	1635
569507	1635
572840	1634
577513	1633
569013	1632
569000	1631
574508	1630
569114	1629
567651	1629
574349	1629
572700	1628
569116	1627
571716	1627
571707	1626
567917	1624
569544	1624
568789	1624
577273	1624
574075	1623
574155	1622
576490	1622
574053	1621
578237	1620
576469	1620
568889	1619
573118	1617
577776	1617
577533	1616
570026	1615
574484	1614
575697	1614
571961	1612
579542	1611
573416	1610
574499	1609
579586	1607
572691	1607
570105	1606
568186	1605
569547	1605
571122	1605
574501	1604
567775	1604
578094	1603
577182	1603
575906	1603
574466	1602
574244	1602
577971	1602
574391	1602
578810	1602
569003	1601
577852	1600
570106	1600
578410	1599
574315	1599
573095	1599
572847	1599
572855	1599
570091	1599
574447	1599
570401	1597
577281	1596
579957	1595
571786	1595
578721	1595
577248	1595
568953	1594
576166	1594
577193	1594
568289	1594
572348	1593
568065	1591
576803	1591
577546	1590
577462	1590
576520	1589
572485	1588
570008	1588
579443	1587
577363	1586
577142	1586
573382	1585
578786	1585
578532	1585
570035	1584
576786	1582
579424	1582
576474	1582
569120	1580
574258	1580
571351	1579
574468	1577
567803	1577
570788	1576
578043	1576
572353	1575
576792	1574
579263	1574
574439	1574
572815	1573
578724	1572
573896	1572
571695	1571
577951	1571
574129	1571
573413	1571
571512	1570
577659	1570
580326	1570
574248	1569
577809	1568
570422	1568
570463	1567
576980	1567
574017	1566
570477	1565
574214	1564
578848	1562
572711	1562
573902	1562
570539	1561
573421	1561
568888	1560
570953	1560
572601	1560
576233	1559
573454	1558
573377	1558
574519	1557
568675	1557
569506	1557
571348	1557
573709	1555
568910	1555
570492	1555
569234	1555
568993	1555
573417	1555
571152	1554
568960	1554
570242	1554
571225	1553
577768	1553
577523	1553
574486	1552
568882	1552
573402	1552
577887	1551
569477	1551
577637	1550
571788	1550
578966	1550
577283	1549
570024	1549
571246	1548
571807	1548
577644	1547
574344	1547
576170	1547
572685	1545
574173	1544
571965	1543
569242	1543
573345	1543
576154	1541
572664	1540
578872	1539
576848	1539
579725	1539
572886	1539
571904	1538
574426	1538
569115	1537
569236	1537
577640	1536
571165	1535
576815	1535
576384	1535
573346	1535
576424	1534
571244	1532
574538	1531
573430	1531
567560	1530
576486	1530
576059	1529
570094	1527
571151	1526
576856	1526
574087	1526
577428	1526
576243	1526
577108	1525
574312	1525
579497	1525
573679	1525
571239	1524
577526	1524
574393	1522
570434	1521
574131	1521
570385	1520
571128	1520
571166	1519
576173	1519
573107	1519
568578	1518
579030	1518
576780	1517
571218	1517
578202	1517
569243	1517
574120	1516
574488	1515
568697	1515
571966	1513
574583	1513
578442	1513
577219	1513
579031	1512
573446	1511
572604	1511
574221	1510
571717	1510
568689	1510
568722	1510
578228	1510
571350	1510
570866	1510
570098	1509
576757	1509
577961	1508
571125	1508
571160	1507
578594	1506
577849	1506
571214	1506
580447	1506
567675	1506
577779	1506
578942	1505
569998	1504
569318	1504
577545	1503
570013	1503
578478	1503
580317	1503
576230	1502
571211	1501
576160	1501
576745	1500
579773	1498
576204	1498
577645	1497
575902	1497
576854	1495
570238	1495
568187	1494
567508	1493
569560	1493
567743	1492
576479	1491
573380	1490
576389	1489
575374	1489
578231	1489
574392	1489
572602	1489
576195	1488
568742	1486
574377	1486
576674	1484
569518	1484
570100	1484
573701	1483
570485	1483
568981	1483
574114	1483
576215	1483
571884	1483
568867	1482
570714	1482
570012	1482
577213	1482
578502	1482
576152	1481
579226	1481
571591	1481
573906	1481
577562	1480
571368	1480
573424	1480
571177	1479
571715	1478
574138	1478
580137	1477
569508	1477
576975	1476
567866	1475
576882	1475
571849	1475
576463	1475
579572	1475
575454	1474
568077	1473
576536	1472
579452	1472
567782	1472
576954	1471
576468	1471
575975	1471
574509	1470
579253	1469
578501	1469
579071	1468
574172	1467
570435	1466
576408	1466
570495	1463
567934	1462
567955	1462
575434	1462
567788	1462
578858	1461
574013	1461
576994	1461
577855	1460
578444	1460
574354	1460
577950	1460
568327	1459
569074	1459
568716	1458
571873	1458
577015	1458
576809	1457
579037	1457
579573	1457
576796	1455
571960	1455
568379	1455
576711	1455
579361	1454
577954	1454
574010	1453
571600	1452
576864	1451
572461	1448
572476	1448
574378	1448
573975	1447
576807	1446
571568	1446
571552	1445
567509	1445
578829	1444
578668	1444
574130	1444
576741	1444
574182	1444
571690	1442
570415	1442
569229	1442
576771	1441
570783	1441
580095	1441
573900	1440
577527	1440
570997	1439
569248	1439
569190	1438
576728	1438
578918	1437
576816	1436
570455	1436
573640	1436
574400	1435
574122	1434
576800	1433
571967	1433
567958	1433
570826	1433
574477	1432
574166	1432
568037	1432
573468	1431
577138	1430
569548	1430
569106	1427
579762	1427
579009	1427
574480	1426
574023	1425
578823	1424
574083	1424
567718	1422
579600	1421
574245	1421
567670	1421
576153	1421
575448	1421
579038	1421
567784	1421
576092	1420
573596	1420
576706	1420
580464	1419
570490	1419
577709	1419
576702	1419
579956	1418
577458	1418
568055	1418
576680	1417
569109	1416
577240	1416
576787	1415
571159	1415
577646	1415
572340	1415
577867	1413
572712	1412
569194	1412
571907	1411
578892	1411
578696	1411
578212	1411
567885	1408
570104	1408
579332	1407
578626	1407
571897	1407
571902	1407
576376	1406
571694	1405
579144	1405
568725	1405
572321	1405
569512	1405
576974	1405
571357	1405
571880	1405
577088	1404
571002	1403
576683	1403
572469	1402
569656	1402
569226	1402
579474	1402
574070	1401
575934	1401
573464	1400
572477	1400
574285	1400
579013	1400
572323	1399
567845	1398
576857	1398
568740	1398
570078	1398
573418	1398
573087	1397
578746	1395
577129	1394
575901	1394
579642	1393
578956	1393
573335	1393
573336	1393
571950	1392
578503	1392
570431	1391
577856	1391
574146	1391
571257	1390
579961	1390
576693	1390
578507	1390
577760	1390
572453	1389
571700	1389
569732	1389
572675	1388
572479	1388
578927	1387
568463	1387
575455	1387
571223	1386
574039	1386
573415	1386
576513	1385
577253	1385
568703	1384
576368	1383
578247	1383
571706	1381
579488	1381
576726	1381
571398	1379
570121	1379
579659	1379
577423	1379
571341	1379
579029	1379
574171	1379
571356	1379
573802	1378
576666	1378
578473	1378
577274	1378
570900	1377
570393	1377
567676	1377
573615	1377
571870	1377
577269	1377
576512	1376
576001	1376
567691	1375
576663	1374
570027	1374
572668	1374
574399	1373
577220	1373
577563	1372
569225	1372
577937	1372
572709	1371
574376	1371
577789	1371
572021	1370
573384	1370
572460	1369
570483	1369
571820	1369
573630	1369
570559	1369
576528	1368
569311	1368
574564	1367
578971	1367
572331	1367
573462	1366
572467	1366
567818	1364
573465	1364
568877	1364
574325	1364
576677	1364
580309	1364
574219	1362
573521	1362
578732	1362
575973	1362
572447	1361
569298	1361
576754	1361
576653	1360
570543	1360
571889	1360
577268	1360
572153	1360
580146	1359
568911	1359
576649	1359
570547	1359
571396	1358
571973	1358
573320	1357
577426	1357
570283	1357
573410	1357
579057	1357
574464	1356
569516	1356
569050	1356
578566	1355
570904	1355
576219	1355
570172	1354
576832	1354
571212	1353
576530	1352
568721	1350
567716	1350
576835	1349
574289	1349
568730	1349
571553	1349
572354	1349
572871	1349
572889	1349
579522	1348
571141	1347
569232	1347
571640	1347
570002	1346
567789	1346
577293	1345
570513	1345
579513	1344
568813	1344
579040	1343
573717	1342
574603	1342
570022	1342
577265	1342
579327	1342
570558	1341
568900	1340
570517	1340
573348	1340
572119	1340
568439	1338
567938	1338
568498	1336
576721	1336
573476	1335
572468	1335
569535	1334
577521	1334
576687	1333
570673	1332
568918	1332
570535	1331
570560	1331
568558	1331
569084	1331
574531	1330
579417	1330
568693	1330
574408	1330
576459	1330
571352	1330
569110	1329
578371	1329
578235	1329
567817	1328
571220	1327
577396	1327
576480	1327
579778	1326
577227	1326
574208	1325
568582	1325
574184	1325
573463	1324
577652	1324
569738	1324
573404	1324
577879	1323
576448	1323
578863	1322
572554	1322
574438	1322
576052	1321
570428	1321
569443	1321
576358	1321
571823	1321
578506	1320
578385	1319
573047	1319
569054	1319
571127	1319
577781	1318
569713	1317
569048	1316
571639	1316
575479	1316
576509	1316
577800	1315
572546	1314
579475	1314
577953	1314
574124	1314
569086	1314
567544	1313
579315	1312
568574	1312
574504	1311
572471	1310
571363	1310
572676	1309
574513	1309
576570	1309
568666	1309
580197	1308
575932	1308
574516	1307
572842	1307
578926	1306
570487	1306
573379	1306
572637	1306
570892	1305
574492	1305
577834	1305
574541	1305
576701	1305
579525	1305
567567	1304
573991	1304
575399	1304
569471	1303
574387	1303
579359	1302
570436	1302
579960	1302
575935	1302
571131	1302
568341	1301
570514	1301
577911	1300
579510	1300
579809	1300
576267	1299
574506	1299
577874	1299
570715	1299
576390	1299
571170	1298
577328	1298
570541	1298
574469	1297
572706	1297
576984	1297
574481	1296
572736	1296
574028	1296
570450	1296
567705	1296
567819	1295
577339	1295
578695	1295
576719	1295
569112	1294
572483	1294
569448	1294
574286	1293
571589	1292
579014	1292
570883	1291
572680	1291
568586	1291
574032	1291
574547	1291
569244	1291
566448	1291
569123	1290
573993	1290
574548	1290
570546	1290
571148	1289
580115	1289
567848	1288
572301	1288
571277	1287
577917	1286
574239	1285
573216	1285
567660	1285
568799	1285
573458	1284
573586	1284
570567	1284
578533	1284
579589	1283
577848	1283
577952	1283
571062	1282
573378	1282
570566	1282
580345	1282
570895	1281
568868	1281
577660	1281
574060	1280
577424	1280
579756	1280
573385	1280
573934	1280
570001	1279
569504	1279
575662	1279
576708	1279
577755	1279
567808	1278
578207	1278
578500	1278
571424	1277
574550	1277
566478	1277
568833	1276
571843	1276
570568	1276
569551	1276
580141	1274
568883	1274
579431	1274
577749	1274
573473	1272
574308	1272
574374	1272
580028	1272
574491	1271
574455	1271
567882	1270
567884	1270
576163	1270
577189	1270
579796	1270
580312	1270
572462	1269
570674	1269
567661	1269
569241	1269
567719	1269
580523	1269
569264	1269
570551	1269
572352	1269
579538	1269
570366	1269
571399	1268
568920	1268
573911	1268
579077	1267
574270	1267
570960	1267
576363	1267
577244	1267
577560	1266
578963	1266
568288	1266
569316	1266
576526	1265
574517	1265
576673	1265
572803	1264
579041	1264
572488	1263
577364	1263
574342	1263
574119	1263
576171	1263
577507	1263
569238	1262
570651	1261
570396	1261
570844	1261
570857	1261
579578	1261
571705	1260
577863	1260
574302	1260
572083	1260
576192	1260
576990	1260
574435	1260
571366	1260
573994	1259
577955	1259
577275	1259
571142	1258
571777	1258
578807	1258
573448	1257
571609	1257
577501	1257
578847	1256
579967	1256
578792	1256
575516	1255
578595	1255
569652	1255
579479	1255
574418	1255
570107	1255
579594	1254
573987	1254
569894	1254
569469	1254
577924	1254
573339	1254
580272	1254
568056	1253
568829	1253
579585	1252
577556	1252
573990	1252
571952	1252
572681	1251
577861	1251
570481	1251
570515	1251
577963	1251
570540	1251
576458	1251
570829	1251
567551	1251
570734	1250
569257	1250
577819	1249
574112	1249
576176	1249
576710	1249
570831	1249
579551	1249
578528	1249
574444	1249
572398	1249
577786	1249
577542	1248
574263	1248
577746	1248
576373	1247
568451	1247
569038	1247
573996	1246
576766	1246
569433	1245
579441	1245
572552	1245
570408	1244
574303	1244
579052	1244
568572	1244
572688	1243
574012	1243
569464	1243
578174	1243
577504	1243
571060	1242
572633	1242
577361	1241
574406	1241
568842	1240
568081	1240
578850	1240
574310	1240
569726	1240
578945	1240
578230	1240
568323	1239
580524	1239
580554	1239
573986	1238
577359	1238
568184	1238
569514	1238
576729	1238
572702	1236
568719	1236
572682	1235
574034	1235
577635	1235
580017	1235
572869	1235
576217	1235
568027	1235
579549	1235
574561	1234
571573	1234
579039	1234
575848	1233
574357	1233
571053	1233
579597	1232
574246	1232
569170	1232
576976	1232
567684	1231
574203	1231
569158	1230
577876	1230
574598	1230
574125	1230
577744	1230
568720	1229
576527	1228
579098	1228
576425	1228
577730	1228
580306	1228
569227	1227
572328	1227
566458	1227
576450	1227
569036	1227
571854	1227
567883	1226
569776	1226
578062	1225
579101	1225
572887	1225
570896	1224
574540	1224
570476	1224
571799	1224
576675	1224
578739	1224
576223	1224
575997	1224
574487	1223
567577	1223
570650	1223
576460	1223
571150	1222
574602	1222
574249	1221
577832	1220
576824	1220
577111	1220
576094	1220
570493	1220
577790	1220
572678	1219
577552	1219
576862	1219
576538	1218
569037	1218
572877	1218
576727	1218
571698	1217
579502	1217
571826	1217
575923	1217
578565	1216
570469	1216
568974	1216
567881	1215
568712	1215
578726	1215
567722	1215
572876	1215
571852	1214
571178	1213
567612	1213
578669	1213
572320	1213
579496	1213
574383	1213
572168	1212
572715	1212
571704	1212
567657	1212
573381	1212
577745	1212
574420	1212
568844	1211
577558	1211
572448	1211
568866	1211
574356	1211
570548	1211
570549	1211
570550	1211
572101	1211
577550	1210
576579	1210
577655	1210
569522	1210
571840	1210
568770	1210
570116	1209
578849	1209
567950	1209
580313	1209
568036	1209
569070	1209
574240	1208
570410	1208
571879	1208
569095	1207
572704	1207
573317	1207
576405	1207
580302	1207
577773	1207
569623	1206
578006	1206
576839	1205
570979	1205
579012	1205
574419	1205
571646	1205
573442	1204
570388	1204
572050	1204
571810	1204
580529	1204
574470	1203
578375	1203
574332	1203
570571	1203
579565	1203
579828	1203
568924	1202
580213	1202
572539	1202
577529	1202
577104	1201
574562	1201
576695	1201
574421	1200
567937	1199
571783	1199
568743	1199
569010	1199
576965	1199
574436	1199
569113	1198
569014	1198
578531	1198
574483	1197
571868	1197
568561	1197
574206	1197
570464	1196
577891	1196
570484	1196
570819	1196
576981	1196
571721	1195
571470	1195
573314	1195
568714	1195
571071	1195
574191	1195
573432	1195
568584	1194
568896	1194
567671	1194
569566	1194
567698	1193
567515	1193
579506	1192
578767	1192
577456	1191
571065	1191
575971	1191
578916	1190
568464	1190
574159	1190
576213	1190
569064	1190
574489	1189
574582	1189
575896	1189
577965	1189
571236	1188
568957	1188
574272	1187
579434	1187
577948	1187
572345	1187
569897	1186
577890	1186
568727	1186
569009	1186
572346	1186
577223	1186
571129	1186
572343	1185
579583	1185
574367	1184
569032	1184
575690	1184
576218	1184
572012	1183
568718	1183
572638	1183
568858	1182
571207	1182
574306	1181
576377	1181
571020	1181
575937	1181
568816	1181
574453	1181
568923	1180
571066	1180
576206	1180
576575	1179
577956	1179
580274	1179
573708	1178
574560	1178
570220	1178
576182	1178
575991	1178
570370	1177
577316	1177
576297	1177
569436	1177
568452	1176
571344	1176
571364	1176
569085	1176
571222	1175
577897	1175
569040	1175
577839	1174
570995	1174
570005	1174
576983	1174
572553	1172
574322	1171
577191	1171
577514	1171
577520	1171
567561	1170
578104	1170
576828	1170
571261	1170
576452	1169
571213	1168
577179	1168
572409	1168
576817	1167
576145	1167
568005	1167
571347	1167
571617	1167
571903	1167
578965	1166
573864	1166
579560	1166
571947	1165
570412	1165
578661	1165
574593	1165
576957	1165
579341	1164
576221	1164
577259	1164
577949	1163
579231	1163
576464	1163
567810	1162
572748	1162
571725	1162
579405	1162
576439	1162
571881	1162
574235	1161
569449	1161
567971	1161
573444	1160
577820	1160
578607	1160
577696	1160
571874	1160
572436	1159
571219	1159
576374	1159
578769	1159
578530	1159
571665	1158
572322	1158
572373	1158
569317	1158
569895	1157
574254	1157
577782	1157
571420	1156
573327	1156
577959	1156
577018	1156
571227	1155
567690	1155
567997	1155
569023	1155
570426	1154
569446	1154
577762	1154
572455	1153
570240	1153
568977	1153
579493	1153
577845	1152
578388	1152
577187	1152
569775	1152
578223	1152
576779	1151
579358	1151
571251	1151
570911	1150
577902	1150
579186	1150
577221	1150
576470	1150
576574	1149
577638	1149
579458	1149
570124	1148
572730	1148
569237	1148
573711	1147
575527	1147
572720	1147
569041	1147
577242	1146
576737	1146
573375	1145
577264	1145
568052	1145
574238	1144
578096	1144
568695	1144
571927	1143
567935	1143
569100	1142
580496	1142
571133	1142
576793	1141
568711	1141
577743	1141
576567	1140
568845	1139
572698	1139
576420	1139
569559	1139
576483	1139
571334	1138
568023	1138
570120	1137
579595	1137
572463	1137
569011	1137
570081	1137
580518	1136
576259	1135
571417	1135
568919	1135
574585	1135
572636	1135
568810	1135
578088	1134
578922	1134
576664	1134
576961	1134
571146	1133
567851	1133
574507	1133
574275	1133
571061	1133
576958	1133
570838	1133
580689	1132
568746	1132
574273	1130
572797	1130
579197	1130
570017	1130
574605	1129
571892	1129
578312	1128
573778	1128
577634	1128
580525	1128
578888	1127
568951	1127
575880	1127
572043	1127
579340	1126
576818	1126
576850	1126
576477	1126
571196	1125
574366	1125
571343	1125
579335	1124
574233	1124
569714	1124
578418	1124
576740	1124
568363	1123
576379	1123
578985	1123
580530	1123
575944	1123
571116	1123
578567	1122
574532	1122
572487	1122
571336	1122
577229	1121
578981	1120
577228	1120
575984	1120
570901	1119
576831	1119
577211	1119
568060	1119
571957	1118
567665	1118
578898	1117
568732	1117
572853	1117
574403	1117
572395	1117
574304	1116
572309	1116
569015	1116
576973	1116
573659	1116
573409	1116
572426	1115
567626	1115
571252	1115
575864	1115
572547	1115
577798	1114
571067	1113
578010	1113
578529	1113
569081	1113
571958	1112
574228	1111
578374	1111
572031	1111
570778	1111
570797	1111
571346	1111
571161	1110
570920	1110
574052	1110
578441	1110
569997	1110
568991	1110
572341	1110
572603	1110
575508	1109
571951	1109
580168	1109
574116	1109
575964	1109
576991	1109
568035	1109
577888	1108
568677	1108
574330	1108
571056	1108
576183	1108
576963	1108
567625	1107
578917	1107
572351	1107
571340	1107
579639	1106
578117	1106
578857	1105
572318	1105
578206	1105
571421	1104
568886	1104
570724	1104
577908	1104
568314	1104
574502	1103
571394	1102
567650	1102
574566	1102
576125	1102
570856	1102
569031	1101
576502	1101
576797	1100
578880	1100
573341	1100
577463	1100
571988	1099
576433	1099
576713	1099
570861	1099
574459	1099
573981	1098
570725	1098
577945	1098
577126	1097
568707	1097
574596	1097
576665	1097
580528	1097
579531	1097
567890	1096
571531	1096
569253	1096
579504	1096
569025	1096
577237	1096
576759	1096
570129	1095
573474	1095
579116	1095
578697	1095
576149	1095
571362	1095
569089	1094
569428	1094
579419	1094
579468	1094
576225	1094
571106	1094
568834	1093
574210	1093
572456	1093
578124	1093
571248	1093
574355	1093
567975	1093
567992	1093
568524	1093
569553	1093
574432	1093
578295	1093
567857	1092
576066	1092
570437	1092
577209	1092
574490	1091
569005	1091
572220	1090
580436	1090
574424	1090
577772	1090
571905	1089
577392	1089
576942	1089
578113	1088
578125	1088
578214	1088
576946	1088
571353	1088
577808	1087
574323	1087
573329	1087
578208	1087
576515	1086
576432	1086
568590	1085
574236	1085
574558	1085
572293	1085
570010	1085
578729	1085
577267	1085
576970	1084
569292	1084
578722	1083
579490	1083
568739	1083
576392	1082
569745	1082
571119	1082
567621	1081
572264	1081
578415	1081
569083	1081
572836	1080
577282	1079
578593	1079
570457	1079
571636	1079
577548	1078
570475	1078
567986	1078
576770	1077
574604	1077
577726	1077
572095	1077
575774	1076
576826	1076
571708	1076
572300	1076
574537	1075
574036	1075
572520	1075
569489	1075
578893	1074
578824	1073
579379	1073
578111	1073
569511	1073
568571	1073
579777	1072
572359	1072
573641	1072
574197	1072
579592	1071
570131	1071
580697	1071
568909	1070
568454	1070
574457	1070
572689	1069
570910	1069
580207	1069
569456	1069
576370	1069
568952	1069
572434	1068
576362	1067
567998	1067
572639	1067
572167	1066
573967	1066
568978	1066
579774	1066
572170	1065
571939	1065
569465	1065
572032	1065
577962	1065
574388	1065
578919	1064
569046	1064
572550	1063
578203	1063
567708	1063
572457	1062
568890	1062
578938	1062
571828	1062
570873	1062
571452	1061
567924	1061
574592	1061
571068	1061
572364	1061
573435	1061
575572	1060
575698	1060
575982	1060
577857	1059
569207	1059
568968	1059
573358	1059
576714	1059
577276	1059
567617	1058
571483	1058
576453	1058
579530	1058
576412	1057
571205	1056
575557	1056
574295	1056
571278	1056
574352	1056
574353	1056
580502	1056
570800	1056
576256	1055
574213	1055
574251	1055
569967	1055
572802	1055
574351	1055
577207	1055
576718	1055
576790	1054
578889	1054
571260	1054
579465	1054
573334	1054
574375	1054
569027	1054
577014	1054
571132	1054
576058	1053
574546	1053
571241	1053
568955	1053
572697	1052
574336	1052
568713	1052
570253	1052
577145	1051
577916	1051
574291	1050
567731	1050
570810	1050
573436	1050
570890	1049
578211	1049
574379	1049
576829	1048
578227	1048
576201	1048
573472	1047
577850	1047
577854	1047
572357	1047
572367	1047
571918	1046
568086	1046
577317	1046
571286	1046
577186	1046
573398	1045
572290	1044
570647	1043
579118	1043
577840	1043
574522	1043
568894	1043
574527	1043
576860	1043
568286	1043
577803	1042
569901	1042
568879	1042
569743	1042
577957	1042
571057	1042
576569	1041
568907	1041
569458	1041
572798	1041
568710	1041
576177	1041
570562	1041
570839	1041
577178	1040
572475	1039
574365	1039
580305	1039
573189	1038
568333	1038
570723	1038
572838	1038
576972	1038
577822	1037
579455	1037
576457	1037
576212	1037
569099	1036
571985	1036
567891	1036
577896	1036
579285	1036
572767	1035
569450	1035
577174	1035
567979	1035
580310	1035
580063	1035
577831	1034
576562	1034
570935	1034
574156	1034
579577	1034
576789	1033
578405	1033
578778	1033
577756	1033
577815	1032
575574	1032
576380	1032
569319	1032
570870	1032
570680	1031
570612	1031
576473	1030
577757	1030
572127	1030
576573	1029
570468	1029
579958	1029
579477	1029
576011	1028
576795	1028
577084	1028
574363	1028
580257	1028
576703	1028
571339	1028
568576	1027
574514	1027
571983	1027
570458	1026
571740	1025
578085	1024
567915	1024
579181	1024
576906	1024
573338	1024
578226	1024
571592	1024
576722	1024
574218	1023
576851	1023
576085	1023
571289	1023
579282	1023
572635	1023
576224	1023
573033	1022
570087	1022
571154	1021
572446	1021
574243	1021
574534	1021
569180	1021
572683	1020
576045	1020
571204	1020
574576	1020
579068	1020
568474	1019
568999	1019
576478	1019
579042	1019
577751	1018
571359	1018
574185	1018
569093	1017
570425	1017
576366	1017
574078	1017
574186	1017
574368	1016
568317	1016
569087	1016
567901	1015
577889	1015
576657	1015
574430	1015
573925	1015
567534	1015
577537	1014
577549	1014
576799	1014
576821	1014
578372	1014
580179	1014
568438	1014
573343	1014
576969	1014
577738	1014
575987	1014
577524	1014
568832	1013
574006	1013
570865	1013
570447	1012
579454	1012
573340	1012
579281	1012
570909	1011
578911	1011
578527	1011
573420	1010
574329	1009
572796	1009
577410	1008
569563	1008
572686	1007
577297	1007
571696	1007
574020	1007
569453	1007
572092	1007
576472	1007
568303	1007
576755	1007
570918	1006
578116	1006
572375	1006
568316	1006
574262	1005
571449	1005
575936	1005
580307	1005
580314	1005
575980	1005
569133	1004
571190	1004
569198	1004
570735	1004
574335	1004
576174	1004
568512	1004
577642	1003
571064	1003
569045	1003
569075	1003
577858	1002
567953	1002
567707	1002
568495	1002
570801	1002
579021	1002
576842	1001
574292	1001
573316	1001
576428	1001
579853	1000
576945	1000
568332	999
574265	999
574287	999
574046	999
570545	999
579517	999
571594	999
576814	998
575889	998
572088	998
576769	997
580016	997
577271	997
571164	996
568891	996
571813	996
571839	996
578115	995
570243	995
571342	995
575466	995
571647	995
570666	994
570679	994
571713	994
570717	994
570780	994
580052	994
571096	994
574442	994
572699	993
579125	993
572480	993
577918	993
578108	992
570473	992
578216	992
577727	992
571349	992
571354	992
569430	991
574316	991
569199	991
579446	991
570251	991
571360	991
577516	991
568665	990
574043	990
569742	990
569259	990
573944	990
569129	989
578219	989
577740	989
574425	989
568835	988
574224	988
567606	988
576962	988
568554	988
576495	988
576556	987
572737	987
574362	987
580311	987
572417	986
579518	986
570358	986
580124	985
570787	985
569258	985
579516	985
576454	985
568583	984
576988	984
568579	983
577807	983
570446	983
570999	983
567939	983
572358	983
572662	983
573956	982
579869	982
569382	982
578118	982
567714	982
580116	981
579403	981
573357	981
580526	981
568032	981
570108	981
572437	980
569413	980
572053	980
568048	980
577016	980
574528	979
569247	979
578809	979
572672	978
567618	978
577695	978
579593	977
578604	977
569394	977
578907	977
576712	977
574194	977
568887	976
577464	976
578591	975
569741	975
575663	975
579520	975
572360	975
569808	975
569809	975
574202	975
570774	974
577964	974
568573	974
570420	973
574074	973
570811	973
571836	973
568021	973
574179	973
577327	972
578608	972
576378	972
575405	972
572371	972
571117	972
572227	971
567976	971
570884	970
568964	970
580522	970
572131	970
567540	970
574482	969
573982	969
570929	969
572494	969
571853	969
579053	969
579054	969
573445	968
567814	968
574518	968
574416	968
571648	967
569092	967
576266	967
569462	967
568871	966
574525	966
579472	966
568287	966
572144	966
569076	966
576756	966
569171	965
574305	965
578145	965
569996	965
579526	965
572875	965
569132	964
569044	964
569314	964
577074	963
574192	963
576808	962
574266	962
578736	962
569033	962
567813	961
578091	961
571516	961
574079	961
576461	961
569126	960
567659	960
576952	960
569312	960
576747	960
578072	959
580476	959
577774	959
571931	958
570736	958
579440	958
574100	958
566455	958
569018	958
576416	957
571885	957
570399	956
570409	956
568965	956
571311	956
577232	956
571113	956
571533	955
577777	955
576801	954
576863	954
572065	954
573904	954
577759	954
580065	954
577788	954
577818	953
574515	953
576825	953
578416	953
572028	953
567823	952
571208	952
574296	952
572298	952
568980	952
570805	952
574415	952
573954	951
567590	951
568897	951
577926	951
570009	951
571337	951
575814	950
575344	950
568998	950
572656	950
578098	949
579444	949
569265	949
571255	948
572612	948
571335	948
577754	948
580325	948
573209	947
571210	947
576081	947
579407	946
577761	946
577765	946
572757	945
570791	945
570372	944
571378	944
577847	943
569447	943
567672	943
576407	943
569145	942
574301	942
571827	942
580277	942
574427	941
567529	941
579576	941
577814	940
573997	940
572035	940
569254	940
574404	940
574190	940
570128	939
571200	939
568898	939
573777	939
569550	939
576720	939
572651	939
577780	939
572486	938
569709	938
567699	938
568995	938
568485	938
570796	938
579004	938
573666	938
576401	937
569251	937
575989	937
579413	936
573801	936
566469	936
577736	936
569626	935
573515	935
567681	935
567957	935
576191	935
577769	935
572138	935
578054	934
567689	934
572731	933
574526	933
573887	933
580301	933
576471	933
574476	932
571709	932
578974	932
569305	932
574460	932
569432	931
579988	931
568042	931
574451	931
570945	930
575558	930
572250	930
578690	930
577277	930
574223	929
574553	929
573806	929
577705	929
573355	929
570031	929
577212	929
569079	929
579873	928
570922	928
577885	928
572102	928
576823	927
567910	927
577639	927
573805	927
570777	927
578204	927
574431	927
577252	927
572451	926
574542	926
567635	926
569220	926
580488	926
576394	926
572316	926
569552	926
577287	925
569105	925
574000	925
576822	925
577702	925
577731	925
573141	925
574360	924
574395	924
576986	924
567816	923
569007	923
579258	923
569536	923
569290	923
579023	923
570669	922
571787	922
579024	922
568450	921
579001	921
576971	921
567620	920
578420	920
573657	920
567790	920
571890	920
570671	919
579469	919
569065	919
567809	918
576791	917
574271	917
579459	917
576704	917
578806	917
574503	916
580139	916
578100	916
577905	916
577658	916
578939	916
572326	916
576985	916
571355	916
572157	916
568840	915
578081	915
569434	915
575861	915
571771	915
571549	915
570383	914
580443	914
579430	914
574577	914
576161	914
572673	913
577796	913
574473	913
577817	913
578086	913
574309	913
573326	913
571284	913
573470	912
571176	912
577842	912
578699	912
576739	912
577801	911
578074	911
569125	911
578109	911
571256	911
570503	911
576648	911
570565	911
576812	910
571718	910
577107	910
573804	910
574319	910
570508	910
571121	910
569376	909
578127	909
578217	909
572161	908
573977	908
570732	908
570234	908
577689	908
578526	908
568087	907
569960	907
569501	907
577439	907
576692	907
574207	907
580493	906
573344	906
569131	905
578647	905
574331	905
571331	905
569304	905
574253	904
578666	904
569459	904
569470	904
576724	904
568805	904
568865	903
568361	903
572497	903
572369	903
568794	903
568044	903
570860	903
572249	902
578982	902
571678	901
567649	901
570998	901
574450	901
571649	900
568337	900
579420	900
579971	900
577783	900
575488	899
568433	899
572800	899
572054	899
577851	898
576855	898
569995	898
570004	898
569024	898
579043	898
571195	897
569712	897
578443	897
570272	897
576699	897
569088	896
578870	896
576847	896
580472	896
569216	896
573350	896
571930	895
574255	895
572056	895
574493	894
570461	894
574177	894
570881	893
579492	893
569029	893
569557	893
572888	893
577012	893
570794	892
570880	891
574575	891
569235	891
576668	891
574212	890
571478	890
574198	890
577653	889
580492	889
577690	889
570066	889
577747	889
572632	889
577766	889
568050	889
571901	889
572163	888
567596	888
567652	888
569460	888
580319	888
568550	888
576383	887
567936	887
578003	887
568855	886
573776	886
574581	886
570245	886
574599	886
573337	886
575922	886
569271	886
569279	886
580550	886
567779	886
571650	885
568863	885
572763	885
578921	885
579713	885
580486	885
571569	885
570585	885
569875	883
572701	883
576979	883
575701	883
572657	883
577299	882
570397	882
569431	882
568449	882
578725	882
572615	882
570126	881
567597	881
577335	881
576830	881
576837	881
574001	880
572749	880
568684	880
571544	880
579801	880
573662	880
571768	879
579230	879
572365	879
577805	878
574479	878
571158	878
570745	878
572049	878
572362	878
576202	878
571912	877
577732	877
570103	877
569124	876
577445	876
569028	876
570872	876
572692	875
568085	875
574298	875
568505	875
566465	875
569556	875
568283	875
571869	875
567537	875
568072	874
570663	874
569708	874
571287	874
568749	874
569277	874
570423	873
578887	873
577192	873
580551	873
576992	873
579123	872
570941	872
570467	872
578931	872
580513	872
577225	872
577737	872
568580	871
572310	871
569299	871
580308	871
579083	870
568708	870
572059	870
574500	869
567815	868
576049	868
572551	868
576437	868
569308	868
577505	868
571895	868
579596	867
577893	867
573349	867
572606	867
571338	867
566489	867
568075	866
577904	866
570542	866
569273	866
569275	866
575943	866
570071	866
577836	865
572212	865
570713	865
577688	865
569500	865
567539	865
577862	864
569296	864
569302	864
579575	864
579336	863
571963	863
576350	863
580304	863
570080	863
572394	863
579072	862
569130	862
576887	862
577159	862
574434	862
575995	862
573452	861
577334	861
570239	861
567988	861
578058	860
575592	860
570501	860
567991	860
575998	860
570152	859
579119	859
577408	859
579232	859
577072	858
574382	858
576489	858
575981	858
576774	857
578066	857
569128	857
577865	857
573803	857
580490	857
568738	857
569276	857
569627	856
571445	856
574011	856
574545	856
579728	856
568525	856
571365	856
572652	856
574205	856
569090	855
569440	855
574324	855
571782	854
574350	854
576993	854
572130	854
573797	853
576227	853
571899	853
574259	852
572473	852
577864	852
579426	852
579505	852
572454	851
577329	851
579521	851
569141	850
573318	850
574098	850
567959	850
569062	850
567709	849
569530	849
570067	849
578052	848
580167	848
579966	848
571536	848
575396	848
576941	848
567993	848
572355	848
569047	848
577535	848
570166	847
577712	847
568827	847
571144	846
577898	846
570489	846
575945	846
568806	846
574261	845
568928	845
578923	845
569215	845
576400	845
578213	845
574162	845
568800	845
569359	844
568856	844
574505	843
568875	843
570798	843
578229	843
578875	842
578121	842
572814	842
573656	842
574472	841
572465	841
577092	841
577647	841
568975	841
578967	841
567662	840
573038	840
569211	840
569520	840
570804	840
572658	840
568828	840
577285	839
569179	839
577251	839
573978	838
574512	838
573793	838
576404	838
567980	838
568585	837
570479	837
579553	837
569061	837
577799	836
573714	836
572229	836
572768	836
575615	836
572052	836
577941	836
572884	836
572885	836
578053	835
569393	835
577735	835
566476	835
566477	835
575967	835
571361	835
572129	835
577559	834
580498	834
570392	833
578667	833
576386	833
568969	833
570815	833
570052	833
570836	833
574165	833
574003	832
573835	832
578201	832
574407	832
568817	832
573980	831
572728	831
578936	831
572361	831
572125	831
579806	831
572400	831
569166	830
569452	830
577915	830
569993	830
571327	830
570677	829
574086	829
568523	829
572135	829
577058	828
575809	828
570504	828
567441	828
577944	828
576742	828
569335	828
580347	828
569098	827
574037	827
575577	827
567688	827
580538	827
577764	827
577110	826
577128	826
579438	826
577425	826
571296	826
577184	826
568744	826
568747	826
569051	826
575978	826
569454	825
576661	825
574380	825
569528	825
579280	825
572126	825
568080	824
567598	824
570770	824
568992	824
570277	824
578727	823
579499	823
571834	823
568783	823
572411	823
578095	822
578878	822
577894	822
568472	822
580015	822
577758	822
571292	821
579804	821
569907	820
572472	820
573547	820
577784	820
567555	819
576277	819
577333	819
578102	819
567615	819
578630	819
576840	819
571477	819
570413	818
568913	818
570480	818
572311	818
571328	818
572383	818
577770	818
571118	818
572694	817
570944	817
572811	817
572057	817
579111	816
571808	816
574145	816
572226	815
576393	815
574458	815
569372	814
573729	814
576289	814
577354	814
574339	814
572614	814
576391	813
568989	813
579076	812
579179	812
568798	812
577254	812
580083	812
569101	811
580467	811
579710	811
573323	811
570769	811
568803	811
579555	811
571910	810
568902	810
579449	810
568198	810
572617	810
579541	810
574449	810
575743	810
578862	809
577166	809
577725	809
568006	809
571850	809
572464	808
568899	808
577109	808
578904	808
577775	808
579694	807
570767	807
578757	807
579019	807
578522	807
574264	806
576074	806
577729	806
571633	806
577534	806
576427	805
568340	804
567637	804
578960	804
577710	804
568025	804
572659	804
572238	803
579427	803
571254	803
577167	803
577947	803
568581	802
569102	802
575761	802
577866	802
570763	802
572613	802
577224	802
569034	802
572466	801
573800	801
567679	801
577812	800
571157	800
570741	800
569497	800
575449	800
572222	799
567633	799
574557	799
567974	799
571307	799
576442	799
572616	799
577261	799
572667	798
569091	797
578881	797
576372	797
576811	796
572764	796
571572	796
569078	796
573949	796
576775	795
578059	795
577344	795
575573	795
576357	795
568066	794
568338	794
571422	794
572858	794
576451	794
578383	793
578683	793
576671	793
575397	793
573140	793
570907	792
570933	792
579460	792
580352	791
576772	791
574471	791
576548	791
572225	791
570442	791
577700	791
569291	791
572687	790
578845	790
570191	790
571224	790
578176	790
568972	790
572330	790
572335	790
579803	790
576752	790
572750	789
569526	789
570556	789
568567	789
577156	788
578215	788
577704	788
572374	788
570123	787
580183	787
570459	787
571964	786
570482	786
567954	786
576950	786
568764	786
579033	786
573950	786
572215	785
567372	785
569969	785
580475	785
570278	785
570967	784
580113	783
569272	783
570561	783
576749	783
570395	782
573513	782
577881	782
577181	782
569097	781
579432	781
578446	781
578222	781
571824	781
573901	781
577502	781
570227	780
577399	780
568189	780
576398	780
572641	780
570115	779
568073	779
570438	779
569427	779
572025	779
572795	779
570248	779
578958	779
568483	779
577958	779
568309	779
568089	778
567951	778
574358	778
578467	778
576421	778
576956	778
569843	778
570119	777
576272	777
569703	777
575897	777
580084	777
570430	776
574047	776
569717	776
572826	776
576978	776
577401	775
569730	775
568497	775
579069	775
568670	774
569959	774
570779	774
575667	774
578744	774
569731	773
577739	773
573910	773
577742	772
576537	771
573330	771
568979	771
575946	771
569930	770
579414	770
569699	770
572007	770
576765	770
576540	769
570169	769
579399	769
577883	769
572765	769
576381	769
580500	769
571134	769
567811	768
572217	768
569435	768
572548	768
570782	768
574160	768
572653	768
568821	768
577296	767
578896	767
570211	767
568681	767
573988	766
569444	766
572046	766
577422	766
570795	766
572881	766
568568	766
576019	765
571174	765
579451	765
569482	765
574117	765
572650	765
568305	765
578075	764
577641	764
570498	764
575938	764
572159	764
578048	763
573710	763
568440	763
571297	763
577199	763
576352	762
570241	762
574539	761
577913	761
576676	761
577206	761
570082	761
570915	760
569480	760
568515	760
574099	759
571295	759
568756	759
571332	759
570823	759
572397	759
579705	758
571329	758
579540	758
570867	758
568101	757
576652	757
576481	757
569071	757
572151	757
570110	757
577400	756
579964	756
572139	756
577813	755
571189	755
580184	755
580560	755
569635	754
569294	754
571638	754
568878	753
568905	753
572241	753
569702	753
569492	753
579807	753
579087	752
574573	752
567439	752
571168	751
574373	751
568033	751
579047	751
577860	750
576578	749
578384	749
572004	749
569965	749
579501	749
580279	749
568797	749
576072	748
573517	748
577124	748
574584	748
576730	748
573918	748
570132	747
569370	747
568901	747
579178	747
568188	747
574589	747
577921	747
577931	747
577175	747
568018	747
571949	746
576645	746
576955	746
572607	746
577518	746
570716	745
569558	745
580086	745
578820	744
576819	744
576849	744
570202	744
574048	744
574389	744
579523	744
576523	743
574049	743
577415	743
571830	743
574136	743
577233	743
572883	743
570462	742
572804	742
577416	742
571294	742
570613	742
575519	741
572202	741
578886	741
577101	741
568926	741
577417	741
569513	741
569284	741
572366	741
580468	740
580215	740
570500	740
572060	740
576172	740
568556	740
578563	739
569612	739
579344	739
571987	739
579173	739
568973	739
580075	739
573953	738
574494	738
574085	738
579059	738
568324	737
568848	737
571920	737
571428	737
573226	737
572029	737
574077	737
571282	737
567783	737
570869	737
570976	736
578962	736
574101	736
574401	736
574441	736
572143	736
571143	735
576082	735
574257	734
578130	734
570289	734
569282	734
576229	734
580082	734
572445	733
570216	733
572008	733
577728	733
576264	732
577554	732
571974	732
574033	732
574601	732
568518	732
569073	732
568569	732
569096	731
572443	731
571702	731
569150	731
567892	731
574317	731
574610	731
574151	731
572628	731
576214	731
572647	731
576744	731
572005	730
576136	730
574348	730
577714	730
569527	730
572608	730
568339	729
569397	729
572538	729
577230	729
576510	729
580114	728
570662	728
577102	728
579689	728
574076	728
576773	727
568864	727
570190	727
569167	727
576086	727
570206	727
579680	727
575354	727
568809	727
578871	726
577859	726
578644	726
577656	726
573966	725
569389	725
568881	725
578873	725
570722	725
574563	725
568436	725
579742	725
575939	725
579813	725
570868	725
572407	725
574520	724
577093	724
576076	724
578131	724
578935	724
579464	724
568486	724
578740	724
573425	724
571660	723
571169	723
567855	723
571024	723
571025	723
572155	723
570379	722
568100	722
578382	722
570486	722
572347	722
569293	722
576222	722
569603	721
577201	721
568022	721
576732	721
569822	721
570526	720
570822	720
572648	720
576560	719
570212	719
572819	719
569532	719
576967	719
568020	719
568047	719
575472	719
570472	718
568812	718
574497	717
570927	717
569400	717
578772	717
574433	717
578042	717
573955	716
579963	716
567696	716
571310	716
570825	716
570864	716
574465	715
576276	715
577353	715
570197	715
569555	715
572120	715
569569	715
577557	714
577144	714
569829	714
576534	713
576836	713
570281	713
570806	713
577724	713
569533	713
571326	713
580050	713
576238	713
568318	713
572490	712
575388	712
572342	712
574260	711
570061	711
570581	711
569845	711
572280	710
579222	710
570029	710
570858	710
578682	709
569026	709
576325	708
569931	708
567644	708
578698	708
569777	708
569059	708
573927	708
572649	708
572169	707
578877	707
570955	707
567610	706
568423	706
574574	706
569792	706
573960	705
567565	705
572219	705
577208	705
579296	705
574090	704
576397	704
570063	704
574163	704
572654	704
576033	703
570921	703
571440	703
572741	703
573807	703
572299	703
571028	702
572067	702
569813	702
570097	702
572412	702
572785	701
574134	701
571871	701
571305	700
569063	700
568563	700
572156	700
572192	699
569250	699
575403	699
570083	699
570980	698
577198	698
572854	698
568102	697
569396	697
578662	697
572275	697
571775	697
574341	697
569752	697
568534	697
572378	697
571659	696
578640	696
571253	696
577194	696
579338	695
574227	695
568959	695
576690	695
571145	694
577561	694
576382	694
574170	694
576075	693
569754	693
576761	693
574232	692
572506	692
578993	692
572620	692
569834	692
571005	691
569756	691
578978	691
572137	691
577837	690
572223	690
575585	690
570285	690
573131	690
569008	689
571832	689
571345	689
577835	688
570188	688
577683	688
579716	687
571818	687
571867	687
569072	687
571891	687
578897	686
579715	686
567695	686
569753	686
571312	686
573916	686
568807	686
577531	686
567700	685
576960	685
572140	685
570113	684
571419	684
571426	684
569384	684
573030	684
571304	684
572843	684
569021	684
571908	683
571415	683
568849	682
568093	682
570659	682
577843	682
572474	682
572733	682
577912	682
574139	682
578562	681
576270	681
569755	681
578741	681
568014	681
572645	681
569833	681
567558	680
576314	680
569425	680
574337	680
569751	680
572089	680
569814	680
579049	680
570631	679
579500	679
578759	679
572693	678
575792	678
577347	678
568687	678
570233	678
574104	678
570271	678
569778	678
577204	678
570832	678
569049	678
568814	678
573009	677
574326	677
580494	677
577706	677
576186	677
573636	677
570204	676
576096	676
569734	676
572066	676
577190	676
574199	676
571929	675
572740	675
579707	675
572325	675
571325	675
570891	674
568098	674
577337	674
576317	674
570214	674
569213	674
572055	674
569779	674
576208	674
569848	674
577792	673
578112	673
570187	673
579404	673
568482	673
576707	673
568308	673
567569	672
577841	672
577402	672
569770	672
573941	672
580469	671
577691	671
571833	671
568019	671
579653	670
578126	670
573046	670
572068	670
579514	670
569804	670
577413	669
579515	669
576542	668
578198	668
571809	668
572845	668
576968	668
570382	667
574230	667
578879	667
578884	667
578664	667
576951	667
569022	667
578249	667
580051	667
568099	666
574345	666
569562	666
577125	665
568475	665
570177	664
578627	664
568679	664
571303	664
568570	664
568676	663
569715	663
573332	663
570789	663
572380	663
568097	662
579643	662
569678	662
572047	662
577231	662
569107	661
574274	661
576080	661
579442	661
579483	661
576681	661
577553	660
569888	660
568938	660
571047	660
571089	660
575986	660
567795	660
570414	659
572344	659
571073	659
568551	659
572732	658
578684	658
577411	658
572880	658
574269	657
571235	657
576888	657
570496	657
570090	657
568307	657
569871	656
573992	656
579484	656
579508	656
568838	655
568606	655
568619	655
568621	655
569909	655
569910	655
569911	655
568635	655
568637	655
570692	655
575559	655
572567	655
572568	655
572569	655
572570	655
570280	655
576987	655
574437	655
578310	654
568594	654
568342	654
568343	654
568599	654
568344	654
568345	654
568602	654
568348	654
568605	654
568350	654
568607	654
568352	654
568608	654
568609	654
568354	654
568610	654
568355	654
568356	654
568612	654
568613	654
568614	654
568359	654
572199	654
568616	654
568617	654
568618	654
568620	654
568624	654
568625	654
568626	654
568627	654
568628	654
569908	654
569912	654
569913	654
569914	654
569915	654
568636	654
569916	654
570684	654
569917	654
570685	654
570686	654
568639	654
570687	654
568640	654
570688	654
570689	654
568642	654
570690	654
570691	654
568644	654
568645	654
568646	654
570694	654
568647	654
570695	654
570696	654
568649	654
570697	654
570698	654
568651	654
570699	654
568652	654
570700	654
573516	654
568655	654
570703	654
570704	654
570705	654
570706	654
572244	654
571738	654
572014	654
569214	654
572810	654
572555	654
572556	654
572557	654
572558	654
570511	654
572559	654
568208	654
572560	654
568209	654
572561	654
568210	654
572562	654
572563	654
572564	654
572565	654
572566	654
567447	654
567448	654
567449	654
567450	654
567451	654
572571	654
572572	654
572573	654
567454	654
572574	654
572575	654
567456	654
572576	654
572578	654
572580	654
573860	654
572585	654
572859	654
572860	654
571847	654
571848	654
572121	654
572122	654
572124	654
572385	654
576743	654
571645	654
574217	653
572780	653
574080	653
567687	653
572812	653
576210	653
573914	653
572684	652
574276	652
572759	652
576367	652
570764	652
569549	652
574361	651
571306	651
575919	651
574225	650
571989	650
577708	650
574215	649
574535	649
569957	649
574056	649
578232	649
568494	648
575977	648
569847	648
577771	647
571414	646
574495	646
567589	646
580156	646
571758	646
571763	646
570062	646
570194	645
572011	645
571762	645
578233	645
569069	645
571570	644
571318	644
579519	644
568335	643
571198	643
570193	643
575606	643
570766	643
570792	643
576682	643
568096	642
572313	642
568736	642
571072	642
579599	641
575583	641
569991	641
571124	641
578105	640
574051	640
576385	640
578737	640
578648	639
578948	639
576656	639
579000	639
571093	639
572165	638
570125	638
572484	638
572019	638
569989	638
574095	638
570675	637
576073	637
571250	637
578168	637
568715	637
572086	637
578097	636
572727	636
576312	636
571577	636
570117	635
576522	635
576056	635
570196	635
567638	635
567393	635
577649	635
579761	635
570842	635
572154	635
568322	634
568095	634
570984	634
577146	634
569287	634
572132	634
575487	634
570439	633
574062	633
575777	631
574081	630
576139	630
571313	630
575431	630
569990	629
569735	629
575625	629
579550	629
569889	628
571866	628
580589	628
580365	627
569891	627
574529	627
570505	627
574372	627
572660	627
571663	626
572470	626
568906	626
571518	626
569821	626
573471	625
579696	625
569782	625
571367	625
573161	625
568301	625
568880	624
569956	624
568547	624
568094	623
580466	623
570229	623
571795	623
572623	623
568857	622
569380	622
576293	622
572224	622
577946	622
573086	622
576705	622
577217	622
580076	622
574193	622
571662	621
578064	621
576859	621
577720	621
571924	620
577345	620
573538	620
567931	620
576964	620
571358	620
577811	619
569966	619
569769	619
577722	619
578519	619
573422	619
574461	619
572424	618
573564	618
569744	618
576733	618
572425	617
580131	617
569981	617
574093	617
578218	617
569950	616
570215	616
574096	616
570776	616
569322	616
574448	616
570151	615
567643	615
569951	615
569701	615
569300	615
571193	614
571194	614
573808	614
575942	614
569947	613
572821	613
569762	613
571087	613
572771	612
578691	612
571588	612
567536	612
578073	611
571772	611
571321	611
572646	611
572663	611
577528	611
577532	611
568843	610
580363	610
576285	610
578119	610
569160	610
569716	610
570275	610
569261	610
577970	610
578076	609
571202	609
572746	609
571314	609
567759	609
569567	609
573947	609
572428	608
570427	608
569924	608
575642	608
569375	607
572209	607
577085	607
578110	607
572503	607
579944	607
579498	607
572640	607
574445	607
573938	607
580117	606
573469	606
578901	606
572758	606
571540	606
575921	606
577718	606
580552	606
572430	605
572734	605
572141	605
580366	604
574038	604
571481	604
572036	604
566431	604
577200	604
568272	604
575450	604
577250	604
578056	603
569710	603
568949	603
574384	603
577205	603
571416	602
570416	602
569906	602
572210	602
574169	602
577804	601
573965	601
567922	601
573937	601
569861	600
569613	600
573969	600
573466	600
570743	600
578178	600
568462	600
576949	600
576485	600
576535	599
572769	599
568489	599
577716	599
569602	598
569137	598
572234	598
577160	598
575948	598
573428	598
578370	597
571555	597
577278	597
573475	596
569939	596
572760	596
569721	596
569537	596
572368	596
572372	596
567812	595
571959	595
570237	595
569757	595
571322	595
572655	595
576313	594
567666	594
574142	594
576462	594
578785	594
571032	593
570286	593
576475	593
576541	592
576572	592
569426	592
569953	592
570478	592
577029	591
568071	591
567600	591
570451	591
572515	591
570843	591
573939	591
570816	590
576196	590
573134	590
577272	590
569599	590
567581	589
578087	589
569944	589
574058	589
570074	589
569057	589
572674	588
568326	588
578234	588
569392	587
578065	586
579137	586
572492	586
572756	586
572818	586
577547	585
576065	585
572801	585
572006	584
580470	584
574128	584
572642	584
571175	583
569934	583
571776	583
569850	583
569676	582
572776	582
579198	582
571291	582
571315	582
570772	581
577943	581
571831	581
567575	580
570200	580
569958	580
578734	580
579172	579
570731	579
574321	579
569405	578
572478	578
568575	578
567557	577
579706	577
568985	577
574475	576
568564	576
568565	576
572270	575
569719	575
571882	575
567559	574
576559	574
580471	574
577151	574
568459	574
571086	574
578123	573
579416	573
572772	573
580507	573
569285	573
568325	572
576781	572
574478	572
578932	572
569643	571
571463	571
568935	571
567570	570
571413	570
579350	570
572782	570
572794	570
569327	570
576320	569
567640	569
568966	569
580491	569
568422	568
570506	568
569747	568
571288	568
571877	568
568560	568
569080	568
572584	567
579010	567
575460	567
578561	566
572093	566
570443	565
571243	565
580474	565
568457	565
571814	565
570642	564
572458	564
578860	564
570165	564
579134	564
578646	564
574045	564
574587	564
569984	564
576647	564
571551	564
571319	564
572393	564
571429	563
570228	563
574121	563
568753	563
576506	563
568678	562
570812	562
572377	562
567582	561
580186	561
571035	561
572452	560
568182	560
577149	560
575874	560
573829	560
577692	560
570273	560
567973	560
568792	560
577336	559
569687	558
572030	558
576402	558
568297	558
578831	557
572779	557
572281	557
567438	557
576982	557
568546	557
568320	556
569399	556
569943	556
572422	555
570376	555
579099	555
573998	555
572489	555
572789	555
577909	554
570507	554
568304	554
567642	553
579695	553
569800	553
569819	553
568552	553
568373	552
567978	552
573985	551
569890	551
569406	551
569415	551
572745	551
570820	551
575941	551
570828	551
569324	551
578089	550
572504	550
568986	550
569772	550
571108	550
568831	550
568841	549
569872	549
572777	549
572078	549
573142	549
568566	549
568062	549
568701	548
579103	547
567865	547
574016	547
568904	547
569982	547
575888	547
577693	547
570279	547
572349	546
579066	546
572459	545
580501	545
578474	545
574035	544
570509	544
570589	544
569625	543
575518	543
572239	543
572752	543
572753	543
571474	543
577895	543
568683	543
570284	543
572415	543
567562	542
568368	542
569886	541
572517	541
569499	541
567458	541
569796	541
578063	540
572743	540
579507	540
577717	540
572146	540
570402	539
578129	539
570834	539
579839	539
577713	538
568820	538
571913	537
578061	537
569188	537
570653	536
576292	536
569655	536
576659	536
568031	536
571509	535
569803	535
574770	534
577934	534
569810	534
568549	534
576576	533
572037	533
577091	532
578910	532
572017	532
573039	531
568225	531
574115	531
577719	531
567995	531
577763	531
578092	530
568893	530
577140	530
569979	530
568453	530
567703	530
568522	530
568577	529
577821	529
569151	529
577127	529
578090	528
574556	528
569706	528
577899	528
573054	528
572038	528
569791	528
580303	528
579920	527
574551	527
569964	527
577923	527
572806	527
573848	527
570813	527
569849	527
568061	527
572071	526
572145	526
577829	525
571036	525
572856	525
575979	525
572431	524
570644	524
572713	524
569398	524
568685	524
577927	524
571040	524
571770	523
578535	523
568874	522
572203	522
568369	522
577787	522
578874	521
568940	521
568216	521
569017	521
571586	521
566492	521
580353	520
578663	520
580473	520
577925	520
566445	520
571846	520
568796	520
576804	519
570445	519
574549	519
572423	518
568927	518
568942	518
570750	518
577922	518
575666	518
571317	518
573703	517
579355	517
568694	517
569624	516
567588	516
572774	516
571845	516
575969	516
568456	515
580503	515
572063	515
576539	514
578631	514
570502	514
577932	514
569629	513
576558	513
571027	513
570133	512
576365	512
571249	512
566447	512
576688	512
571114	512
571900	512
568074	511
570664	511
571948	511
575794	511
567614	511
572791	511
572793	511
574084	511
569245	511
580549	511
573976	510
576281	510
574237	510
573989	510
570418	510
576070	510
580166	510
568402	510
574293	510
574314	510
569994	510
573917	510
574175	510
569827	510
573930	510
576494	510
573945	510
573946	510
569628	509
568939	509
579056	509
571917	508
573984	508
579108	508
568502	508
577245	508
572247	507
568197	507
572087	507
572421	506
571206	506
568836	505
572080	505
571324	505
572128	505
567564	504
573399	504
575703	504
570077	504
574456	504
572158	504
575498	503
571800	503
577185	503
573455	502
578852	502
569820	502
572744	501
570818	501
569030	501
568007	501
573899	501
573688	501
568853	500
570389	500
567594	500
572207	500
569927	500
574068	500
576418	500
568528	500
576466	500
571804	499
578128	498
568424	498
567930	498
568976	498
573073	498
567629	497
570210	497
572805	497
572296	497
567981	497
568526	497
571642	497
569653	496
569922	496
569718	496
567928	496
567929	496
569983	496
578953	496
580030	496
574183	496
580129	495
569663	495
567627	495
573792	495
571525	495
571302	495
577235	495
576748	495
579055	495
567876	494
570444	494
572178	493
574069	493
567977	493
573865	493
580283	493
575947	493
571088	493
569812	493
571402	492
567566	492
570406	492
567605	492
569152	492
572766	492
576944	492
573426	492
567927	491
574204	491
574066	490
567568	489
572231	489
572276	489
572807	489
572414	489
569173	488
575834	488
568448	488
579529	488
579105	487
571199	487
568425	487
579976	487
568780	487
571437	486
568895	486
567641	486
572783	486
571404	485
579100	485
570176	485
569445	485
579478	485
569270	485
569789	485
571109	485
569330	485
571911	484
572237	484
572788	484
576143	484
572844	484
569780	484
570830	484
569564	484
572721	483
568540	483
576498	483
579353	482
572787	482
569980	482
572634	482
571377	482
567578	481
577698	481
571309	481
579044	481
573689	481
567546	481
572418	480
569864	480
573961	480
569650	480
573342	480
570837	480
571590	479
572878	479
578822	478
577094	478
572079	478
573932	478
569865	477
570665	477
576834	477
572246	477
578719	477
568553	477
574474	476
580118	476
572825	476
569267	476
579109	475
572770	475
578659	475
572792	475
571147	474
571984	474
570466	474
569986	474
577940	474
569534	474
572381	474
576738	474
573963	473
576291	473
569783	473
576953	473
570605	473
568664	472
569961	472
567585	471
572013	471
569978	471
568215	471
578210	471
568083	470
572211	470
571971	470
572240	470
568446	470
573597	470
571300	470
569790	470
574454	470
574088	469
571279	469
572142	469
577795	468
568933	468
578406	468
572781	468
572535	468
569221	468
572061	468
571299	468
574135	468
568135	467
568702	467
571528	467
569799	467
568038	467
572134	467
580328	467
577793	466
569985	466
575416	466
570859	466
568302	466
568562	466
569356	465
573847	465
570845	465
574009	464
569404	464
579574	464
572034	463
572085	463
568587	462
572591	462
576465	462
577243	462
570411	461
567608	461
568674	461
572091	461
570076	461
570598	461
570037	460
567571	459
568130	459
580547	459
571115	459
578920	458
578505	458
571110	458
576013	457
574755	457
578864	457
570167	457
576846	457
570259	457
568510	457
568478	456
578991	456
569581	456
578106	455
579945	455
577239	455
571427	454
573328	454
568536	454
569846	454
577907	453
569973	453
570564	453
568084	452
569881	452
568353	452
567601	452
579126	452
568121	452
570465	452
570236	452
571280	452
569283	452
571138	451
569693	451
578913	451
572813	451
574126	451
572081	451
579528	451
573983	450
580138	450
571026	450
568804	450
571123	450
579097	449
569887	449
570173	448
569466	448
572618	448
573964	447
577320	447
572775	447
568808	447
568733	446
571301	446
572133	446
569068	446
578377	445
569942	445
569695	445
578504	445
575456	445
579078	444
578071	444
568669	444
572277	444
577150	444
569476	444
577933	444
578476	444
576943	444
574164	444
571710	443
569928	443
572502	443
569016	443
571837	443
573958	442
569885	442
572033	442
572076	442
572592	442
574181	442
569094	441
577130	441
569707	441
568537	441
569828	441
571201	440
569937	440
569720	440
568460	440
572094	440
575966	440
569374	439
571937	439
570660	439
578934	439
572816	439
573929	439
571139	438
567595	438
580350	438
569877	437
577816	437
568351	437
569144	437
569680	437
572248	437
571754	437
571765	437
578800	437
568336	436
572751	436
575590	436
572786	436
568745	436
570821	436
569824	436
568129	435
569690	435
577196	435
579008	435
574147	435
570319	435
573403	435
569579	435
568122	434
572074	434
577197	434
570036	434
572090	434
572194	433
568357	432
569644	432
578641	432
569941	432
571228	431
578944	431
567552	430
573972	430
576288	430
568696	430
572327	430
570833	430
572195	429
572197	429
572198	429
571759	429
569766	429
572114	429
579539	429
571621	429
571622	429
569584	429
568861	428
573506	428
572243	428
568437	428
569004	428
570916	427
571946	427
568131	427
570189	427
578964	427
568058	427
576806	426
578968	426
571844	426
569802	426
569823	426
576505	426
572196	425
569134	425
572719	425
573799	425
578950	425
570127	424
576533	424
578605	424
568903	424
575459	424
570602	424
572221	423
570180	423
572742	423
571977	423
579180	423
567669	423
569467	423
568709	423
568461	423
570387	422
570957	422
568668	422
572018	422
571041	422
572213	421
569659	421
570765	421
568801	421
570377	420
578835	420
571943	420
569395	420
572778	420
571411	419
571955	419
567623	419
568418	419
568419	419
568420	419
568421	419
569798	419
570099	419
568125	418
574200	418
572201	417
568123	417
572271	417
570510	417
577503	417
570386	416
568088	416
567604	416
578903	416
568091	415
572747	415
569977	415
569999	415
569001	415
574140	415
569866	414
578832	414
567592	414
569136	414
572852	414
569585	414
573942	414
572725	413
567364	413
573514	413
580516	413
571580	413
573411	413
579060	413
568839	412
573959	412
572435	412
578899	412
569948	412
572817	412
576966	412
569587	412
579067	412
568109	411
578120	411
571980	411
572282	411
577147	411
568330	410
571941	410
568364	409
569954	409
568824	409
577825	408
569139	408
569035	408
572160	407
568947	407
568455	407
577214	407
570655	406
579104	406
579110	406
578606	406
569903	406
569654	406
574552	406
568153	406
578905	406
574559	406
568937	406
579959	406
570747	406
568555	406
569077	406
568126	405
572739	405
569483	405
579503	405
569637	404
569638	404
568662	404
574054	404
574092	404
576269	403
579142	403
569946	403
569768	403
570625	402
580162	402
568954	402
570040	402
571593	402
568367	401
571745	401
572048	401
578733	401
580534	401
578754	401
569811	401
568538	401
568059	401
576802	400
570718	400
572609	400
571842	400
570682	399
577398	399
571986	398
578900	398
573825	398
572677	397
579084	397
568700	397
571643	397
568132	396
568946	396
578743	396
569896	395
570742	395
573912	395
568818	395
568360	394
568115	394
568113	393
570746	393
570753	393
569860	392
579091	392
572695	392
568876	392
569970	392
567994	392
571838	392
568811	392
567579	391
568542	391
568589	390
570936	390
569472	390
571538	390
568015	390
579115	389
568630	389
572228	389
569949	389
569704	389
571534	389
570596	389
568405	388
578992	388
571375	388
576753	388
575847	387
574091	387
569759	387
569761	387
569570	387
571374	387
568114	386
569784	386
580558	386
570607	386
567602	385
568120	385
567639	385
568410	385
573023	385
568466	385
579423	384
571524	384
578825	383
570635	383
579857	383
578834	383
571431	383
569929	383
577721	383
570878	383
570160	382
568884	382
576654	382
576717	382
569309	382
575533	381
569904	381
568661	381
568673	381
578419	381
570781	381
579921	380
571031	380
578742	380
568545	380
580578	380
580120	379
570394	379
567607	379
569764	379
579102	378
567858	378
572784	378
569577	378
571033	377
571605	377
569067	377
571699	376
573018	376
572832	376
568520	376
568823	376
571944	375
568119	375
569815	375
570877	375
568090	374
568134	374
580553	374
568531	374
568051	374
572513	373
568218	373
574231	372
567591	372
570261	372
578516	372
569575	372
567556	371
569976	371
579571	371
578882	370
569767	370
568686	369
569763	369
571043	369
572432	368
567609	368
568127	368
569461	368
569576	368
572665	368
578859	367
569154	367
568133	367
572521	367
570993	367
572283	367
573826	367
577935	367
568752	367
569923	366
569760	366
579112	365
572027	365
571039	365
569862	364
569390	364
579120	364
572590	364
571136	363
569403	363
568124	363
572509	363
569788	363
569794	363
569574	363
569143	362
568435	362
578749	362
568521	362
571978	361
567888	361
570756	361
578693	361
570608	361
570885	360
576532	360
570790	360
572851	360
571075	360
571076	360
571077	360
571080	360
571083	360
571084	360
571085	360
569840	360
569876	359
576553	359
578885	359
575570	359
577699	359
577703	359
570807	359
571081	359
571097	359
568049	359
568349	358
569940	358
573017	358
578692	358
572596	358
571764	357
572595	357
572597	357
578812	357
569645	356
572512	356
570760	356
572835	356
576762	356
567554	355
570380	355
570761	355
570516	355
568092	354
578844	354
579646	354
570754	354
568507	354
571582	354
574555	353
567913	353
576364	353
570912	352
569255	352
571373	352
569592	352
571391	352
579128	351
571455	351
572498	351
573029	351
570755	351
568500	351
573795	350
569771	350
569932	349
577123	349
572040	349
572830	348
573913	348
570390	347
567593	347
568943	347
569740	347
571276	347
567960	347
573133	347
568936	346
569975	346
569468	346
570965	345
578187	345
570334	345
569586	345
572442	344
567583	344
571197	344
573798	344
569988	344
572314	344
569773	344
570588	344
568851	343
573604	343
568527	343
568819	343
568822	343
568118	342
568541	342
571630	342
571688	341
575830	341
578957	341
580041	341
579799	341
572516	340
569839	340
569974	339
571672	338
568434	338
573374	338
577753	338
568830	338
570889	337
571530	337
566435	337
569805	337
574014	336
568672	336
574568	336
572527	336
575609	336
577266	336
568852	335
572501	335
573562	335
577407	335
569746	335
568850	334
569933	334
569972	334
566424	334
568116	333
569679	333
571272	333
571112	333
570640	332
567611	332
568136	332
578912	332
572518	332
576423	332
567860	331
579127	331
573844	331
572419	330
571689	330
572491	330
572500	330
570657	329
579124	329
572994	329
568417	329
572531	329
568217	329
580014	329
569334	329
569971	328
570235	328
569571	328
571372	328
579591	327
572493	327
567932	327
568212	327
568754	327
571330	327
571376	327
577810	326
569968	326
574067	326
573845	325
572822	325
571825	325
569313	325
577256	325
580145	323
571999	323
571137	321
567576	321
571940	321
573022	321
571274	321
571283	321
578534	321
572661	321
570301	320
570814	320
573974	319
569421	319
567902	319
576016	318
572499	318
568680	318
578798	318
569856	317
571000	317
573571	317
574148	317
578811	317
572000	316
571835	316
568530	316
569310	316
571945	315
568395	315
568396	315
568397	315
571994	315
573025	315
568692	315
568105	314
578861	314
567859	314
571209	314
572514	314
570740	314
578220	314
569361	313
567572	313
577900	313
572619	313
571099	313
570621	313
568930	312
568944	312
570587	312
571938	311
579132	311
568207	311
579641	310
571397	309
571030	309
574195	309
577555	308
567584	308
568117	308
572522	308
577654	308
569475	308
571323	307
571682	306
569391	306
571976	306
574313	306
572594	306
575457	306
580066	306
572413	306
573536	305
568185	305
570803	305
580659	304
570179	304
571171	303
578902	303
568511	303
572611	303
569878	302
567854	302
576359	302
576360	302
576361	302
573036	302
577995	302
570577	302
578787	302
571742	301
578417	301
569505	301
571111	301
569588	301
577331	300
571993	300
570601	300
569851	300
570619	300
568392	299
569765	299
568110	298
572726	298
570961	298
578941	298
571275	298
568724	298
567273	298
571529	297
570282	297
571308	297
570623	297
570637	296
572016	295
569737	295
569541	295
570875	295
570157	294
568393	294
568195	294
580579	294
573414	294
576508	294
570624	293
574044	293
568729	293
569774	293
569060	293
571625	293
573048	292
568501	292
572108	292
569052	292
576959	291
570632	290
572433	290
579466	290
570267	290
570274	290
571887	290
568107	289
571381	289
575993	289
569852	289
579114	288
570683	288
572260	288
569786	288
568533	288
578107	287
570256	287
569748	287
572824	286
572112	286
571635	286
571686	285
570672	285
567634	285
580286	285
568104	283
572262	283
569457	283
571042	283
567553	282
578826	282
568390	282
570604	282
568311	282
569611	281
571216	281
571767	281
569481	281
568465	281
569841	281
569859	280
568430	280
570260	280
568428	279
568429	279
568431	279
569463	279
572495	278
572312	278
577234	278
572117	278
569858	277
568837	277
571163	277
577073	277
568388	277
569156	277
571476	277
572024	277
570488	276
572848	276
571388	276
569572	275
568925	274
576422	274
574153	274
569058	274
571673	273
578891	273
569962	273
569739	273
569288	273
568633	272
568152	272
571258	272
568106	271
575600	270
571798	270
569797	270
568519	270
572111	270
578842	269
570150	269
573511	269
567628	269
570315	269
574180	269
570617	269
570576	268
568815	268
569857	267
571412	267
569140	267
580520	267
577715	267
571641	267
578642	266
570974	266
572809	266
573352	266
573386	266
570349	266
568112	265
568406	265
567956	265
568514	265
570346	265
570375	264
573503	264
572336	264
571379	264
568111	263
568394	263
573035	263
573037	263
570298	263
568791	263
568329	262
568334	262
569639	262
568374	262
568375	262
568376	262
568377	262
568378	262
571728	262
570983	262
570292	262
569542	262
570314	262
570351	262
570143	261
579122	261
569925	261
571232	261
571749	261
571750	261
571751	261
571752	261
571753	261
568682	261
571755	261
571756	261
571757	261
571760	261
571761	261
569006	261
568504	261
570310	261
570311	261
568790	261
570341	261
571623	261
571624	261
570345	261
568826	261
568328	260
569614	260
568371	260
572216	260
573505	260
570726	260
570474	260
570321	260
570330	260
571098	260
570331	260
570332	260
580316	260
570333	260
569622	259
570138	259
570140	259
568872	259
568176	259
568177	259
570762	259
580505	259
573096	259
570290	259
570312	259
568279	259
577509	259
570599	259
570347	259
570352	259
570361	259
568846	258
568847	258
567616	258
569175	258
568984	258
570306	258
570327	258
568282	258
570335	258
570340	258
567538	258
570359	258
570894	257
569884	257
569174	257
570719	257
580499	257
568983	257
568994	257
568227	257
568228	257
570293	257
570318	257
570320	257
568274	257
570322	257
568281	257
568284	257
570339	257
578788	257
570344	257
571369	257
567282	257
570357	257
569621	256
570139	256
574008	256
573504	256
573324	256
573354	256
568516	256
570338	256
571371	256
570356	256
569610	255
568592	255
571676	255
575655	255
571333	255
579905	254
568948	254
568223	254
568231	254
570305	254
568277	254
568280	254
570342	254
570360	254
573333	253
570518	253
570519	253
578728	253
569806	253
568982	252
569509	252
570614	252
571162	251
572187	251
570962	251
570470	251
572305	251
569498	251
580008	251
567277	251
569855	251
573443	250
568659	250
569182	250
570313	250
572738	249
571519	249
570583	249
569793	248
577238	248
568030	248
569315	248
577778	248
572208	247
569185	247
576220	247
576557	246
570972	246
571100	246
567843	245
580182	245
572820	245
578773	245
572051	244
569749	244
570636	243
570391	243
568921	243
569807	243
570641	242
568859	242
571184	242
568399	241
568400	241
568401	241
571015	241
568214	241
573351	241
570835	241
578790	241
571962	240
572258	240
572259	240
573322	240
570262	240
569758	240
580596	240
570649	239
569138	239
567613	239
567630	239
570990	239
568469	239
570307	239
572020	238
578846	237
577830	237
579129	236
570988	236
570308	236
571919	235
567256	235
570969	234
571601	234
572023	233
576431	233
571172	232
574812	232
575571	231
572315	231
568043	231
570882	230
571013	230
568001	230
567333	229
572039	229
577515	229
570355	229
569844	229
570992	228
571575	228
570300	228
573387	228
570343	228
572396	228
567327	227
570932	227
578332	226
568931	226
570987	226
568470	225
571886	225
571677	224
572073	224
569825	224
570620	224
578055	223
569785	223
568506	223
570947	222
570975	222
578914	222
573042	222
569597	222
567303	221
570429	221
570971	221
570064	221
568873	220
571736	220
571975	219
571234	219
568432	219
570739	219
570302	219
570738	218
568467	218
577919	217
568503	217
571668	216
573525	216
578408	216
571006	216
571029	216
569573	216
571687	215
572724	215
569142	215
569201	215
569826	215
572255	214
572532	214
569724	214
568003	214
569795	214
571585	213
574150	213
570616	211
571644	211
567297	210
569883	210
570326	210
567341	209
570417	209
572849	209
577750	209
574597	208
568398	207
570471	207
568499	207
570593	207
570622	207
571535	206
569479	204
579382	203
570759	203
569873	202
568958	202
576694	202
567248	202
570667	201
580163	201
570230	201
577203	201
567285	200
571656	199
567573	199
572205	199
569153	199
571979	199
573524	199
572429	198
571684	198
568885	198
570994	198
571584	198
570337	198
569874	197
570954	197
576190	197
577288	196
570928	196
568381	196
572508	196
574311	195
577992	195
571403	194
578867	194
571990	194
578680	194
570060	194
572136	194
571011	193
572828	193
569594	193
570048	192
571387	192
570981	191
570966	190
571685	189
570744	189
570049	189
571370	189
570265	188
572829	188
569490	187
579002	187
569837	187
569595	187
580510	186
569700	185
580495	185
569495	185
568517	185
571173	184
569658	184
572263	184
570304	184
570963	183
568941	183
570299	183
573510	182
577210	182
568103	181
570934	181
570130	180
573528	180
578184	180
570940	179
570959	179
569842	179
567838	178
578865	178
567247	178
567275	178
569880	177
570964	177
567547	177
571681	176
570924	176
571016	176
567381	175
577853	174
573526	174
570758	174
571819	174
574496	173
570354	173
570266	172
574390	172
567702	171
571386	170
572729	169
572519	169
568407	168
573383	168
570362	168
571188	167
570336	167
568386	165
570982	165
568688	165
572874	165
570633	164
568922	164
568667	163
573058	163
571579	163
573043	162
577157	162
571482	160
570255	160
569781	160
569879	158
571095	158
579790	157
568415	156
567996	156
571616	156
580144	155
569172	155
570978	155
576351	153
568945	153
572193	152
569835	152
570802	151
571599	151
573407	151
571237	150
569496	150
570296	150
571094	149
567900	148
570246	148
571634	148
580595	148
569900	147
574094	147
578009	147
570949	146
567897	146
570114	145
570948	145
567898	144
567899	144
570288	144
570051	144
577996	144
567896	142
578411	142
576886	142
578751	142
569286	142
572707	140
576948	140
567307	138
567820	138
569905	137
579927	137
571855	137
578827	136
576445	136
580591	136
570329	135
577346	134
571069	134
577506	134
568447	132
576444	130
580592	130
571010	129
573429	129
567545	129
567291	128
573313	127
568622	126
577701	125
567653	124
579218	124
570297	123
577519	123
567302	122
571454	121
577541	120
567314	120
567880	120
569491	120
568170	119
577828	118
569838	118
573533	117
568366	116
568391	115
567386	115
574063	115
571933	114
569408	114
568164	114
572529	114
568370	113
573045	113
572284	113
572808	113
572717	112
576387	112
571410	111
571490	111
574201	111
568172	110
568173	110
568053	110
567586	109
567850	109
568365	108
571460	108
571505	108
568319	108
568219	107
572708	106
568171	106
578592	105
572214	105
568175	105
568165	103
571320	103
571203	102
568162	102
579787	102
567335	101
568156	101
571914	100
576550	99
568416	99
571501	99
567841	98
579121	98
572507	98
568167	97
576119	97
568160	96
567821	95
576751	95
570925	93
578407	93
574359	93
571928	92
568163	92
578694	92
570634	91
568181	91
571817	91
567824	90
571453	90
568158	90
568157	89
568180	89
571443	88
568169	88
578961	88
573361	88
573373	88
568161	87
571858	85
576419	84
571462	83
571465	83
568179	83
570751	83
580292	83
568159	82
568166	82
568168	82
568174	82
571009	81
571446	80
572762	80
580285	80
576716	80
569605	79
578632	79
571779	79
576434	79
567278	79
568321	78
567822	78
568600	78
567835	78
567846	78
567847	78
567852	78
567853	78
567856	78
570721	78
572261	78
571507	78
573364	78
573366	78
569580	78
569591	78
568151	77
567840	76
571739	76
578167	76
566468	76
576467	76
578007	76
568296	76
568631	75
575608	74
574338	74
574370	74
574371	74
574394	74
571107	74
574446	74
572449	73
571259	73
567833	72
569918	72
570057	72
571434	71
570923	71
569578	71
568650	70
567678	70
572799	70
568226	70
575940	70
575432	70
571104	70
571105	70
568313	70
568315	70
575601	69
577707	69
575420	69
571435	68
578093	68
576566	68
579262	68
573408	68
571447	67
568634	67
571456	67
572761	67
576763	67
571671	66
571679	66
574242	66
574521	66
574524	66
576838	66
576841	66
578890	66
574290	66
574042	66
575588	66
574071	66
574588	66
576128	66
576662	66
576669	66
577438	66
577694	66
576678	66
576436	66
576440	66
576441	66
578745	66
580559	66
573908	66
573909	66
578779	66
576734	66
573926	66
577512	66
578294	66
573431	66
576760	66
577017	66
571149	65
567844	65
579367	65
576564	65
575553	65
572754	65
579425	65
573796	65
579428	65
572773	65
579429	65
576127	65
577412	65
577697	65
579511	65
576443	65
579559	65
579570	65
569600	64
569601	64
569604	64
568603	64
568604	64
571451	64
571458	64
576120	64
574590	64
577993	64
579788	64
572147	64
572149	64
569606	63
571701	63
571466	63
575672	63
579780	63
569590	63
567825	62
567829	62
567830	62
567836	62
567837	62
567842	62
567874	62
567894	62
567895	62
570720	62
570727	62
570728	62
570729	62
570730	62
570733	62
573362	62
576731	62
568312	62
567839	61
567342	61
567343	61
578959	61
568299	61
577330	60
577332	60
572755	60
578652	60
576447	60
578005	60
577824	59
577318	59
568623	59
577338	59
576060	59
571461	59
572232	59
572235	59
569729	59
571793	59
571794	59
571797	59
571801	59
571803	59
572082	59
576947	59
577215	59
575430	59
568298	59
577517	59
572148	59
572150	59
573192	58
568632	58
569202	58
568629	57
571495	57
579349	55
571442	55
577878	55
578651	55
578653	55
578654	55
573794	55
572524	55
572530	55
576435	55
577222	55
579533	55
572152	55
570630	54
568638	54
568643	54
570254	54
570523	53
571008	52
576456	52
573433	52
578177	51
573931	51
577539	50
578173	50
578603	49
576411	49
579816	49
570609	49
577011	48
579371	47
571450	47
571457	47
579207	47
568293	47
578323	45
571444	44
577236	43
567787	43
570611	43
570639	42
571409	42
576046	42
568292	42
568294	42
568295	42
580074	42
574510	41
574511	41
571802	41
573368	41
571732	40
572254	40
575381	40
575411	40
579704	39
575614	39
571731	38
579598	37
567658	37
579203	37
579527	37
579552	37
576226	37
579556	37
579557	37
579566	37
579567	37
570638	36
567877	36
577880	36
578001	36
567288	36
572206	35
577994	35
570156	34
567356	34
570784	34
574409	34
574411	34
574412	34
574413	34
574414	34
572868	33
569147	32
569149	32
570217	32
574320	32
578681	32
574410	32
568593	31
567351	31
567352	31
570441	31
570491	31
571796	31
579776	31
570068	31
570069	31
575985	31
580125	30
580127	30
577846	30
577226	30
577997	30
577998	30
577999	30
578000	30
577075	29
577648	29
578821	28
568384	28
574616	28
576207	28
576211	28
578617	27
567654	27
578466	27
577457	27
567354	26
567355	26
571773	26
570768	26
574386	26
573370	26
573372	26
567357	24
567925	24
570524	24
570527	24
577195	24
569323	24
569333	24
570628	23
569219	23
570525	23
570529	23
574381	23
569424	22
567358	21
567384	21
570499	20
575631	19
576189	19
570563	19
570646	18
570085	18
573512	17
567271	16
567272	16
568382	14
568383	13
571829	13
568408	11
571298	8
570786	7
570799	7
570808	7
570817	7
